Unified light output forced.
Trace-only mode enabled (demo logic disabled).
Dot-matrix display showcase enabled (default).
Trace-only capture active. Interact with controls and press Ctrl+C to stop.
[20:09:45.969Z] Input BUTTON ID=0x01 len=64 dtAll=init dtId=init chg=init head=[00 00 00] bytes=[01 00 00 00 00 00 00 0A F3 96 01 00 00 00 00 00 00 00 00 00 00 00 00 00 00 00 00 00 00 00 00 00 00 00 00 00 00 00 00 00 00 00 00 00 00 00 00 00 00 00 00 00 00 00 00 00 00 00 00 00 00 00 00 00]
[20:09:45.991Z] Input BUTTON ID=0x01 len=64 dtAll=22.2ms dtId=22.2ms chg=8:F3->0C,9:96->97,10:01->00 head=[00 00 00] bytes=[01 00 00 00 00 00 00 0A 0C 97 00 00 00 00 00 00 00 00 00 00 00 00 00 00 00 00 00 00 00 00 00 00 00 00 00 00 00 00 00 00 00 00 00 00 00 00 00 00 00 00 00 00 00 00 00 00 00 00 00 00 00 00 00 00]
[20:09:46.046Z] Input BUTTON ID=0x01 len=64 dtAll=54.9ms dtId=54.9ms chg=8:0C->43,10:00->01 head=[00 00 00] bytes=[01 00 00 00 00 00 00 0A 43 97 01 00 00 00 00 00 00 00 00 00 00 00 00 00 00 00 00 00 00 00 00 00 00 00 00 00 00 00 00 00 00 00 00 00 00 00 00 00 00 00 00 00 00 00 00 00 00 00 00 00 00 00 00 00]
[20:09:46.231Z] Input BUTTON ID=0x01 len=64 dtAll=185.0ms dtId=185.0ms chg=8:43->FC,10:01->02 head=[00 00 00] bytes=[01 00 00 00 00 00 00 0A FC 97 02 00 00 00 00 00 00 00 00 00 00 00 00 00 00 00 00 00 00 00 00 00 00 00 00 00 00 00 00 00 00 00 00 00 00 00 00 00 00 00 00 00 00 00 00 00 00 00 00 00 00 00 00 00]
[20:09:46.256Z] Input BUTTON ID=0x01 len=64 dtAll=25.0ms dtId=25.0ms chg=8:FC->15,9:97->98,10:02->04 head=[00 00 00] bytes=[01 00 00 00 00 00 00 0A 15 98 04 00 00 00 00 00 00 00 00 00 00 00 00 00 00 00 00 00 00 00 00 00 00 00 00 00 00 00 00 00 00 00 00 00 00 00 00 00 00 00 00 00 00 00 00 00 00 00 00 00 00 00 00 00]
[20:09:46.361Z] Input BUTTON ID=0x01 len=64 dtAll=104.9ms dtId=104.9ms chg=8:15->7E,10:04->15 head=[00 00 00] bytes=[01 00 00 00 00 00 00 0A 7E 98 15 00 00 00 00 00 00 00 00 00 00 00 00 00 00 00 00 00 00 00 00 00 00 00 00 00 00 00 00 00 00 00 00 00 00 00 00 00 00 00 00 00 00 00 00 00 00 00 00 00 00 00 00 00]
[20:09:46.391Z] Input BUTTON ID=0x01 len=64 dtAll=30.1ms dtId=30.1ms chg=8:7E->9C,10:15->27 head=[00 00 00] bytes=[01 00 00 00 00 00 00 0A 9C 98 27 00 00 00 00 00 00 00 00 00 00 00 00 00 00 00 00 00 00 00 00 00 00 00 00 00 00 00 00 00 00 00 00 00 00 00 00 00 00 00 00 00 00 00 00 00 00 00 00 00 00 00 00 00]
[20:09:46.416Z] Input BUTTON ID=0x01 len=64 dtAll=25.0ms dtId=25.0ms chg=8:9C->B5,10:27->31 head=[00 00 00] bytes=[01 00 00 00 00 00 00 0A B5 98 31 00 00 00 00 00 00 00 00 00 00 00 00 00 00 00 00 00 00 00 00 00 00 00 00 00 00 00 00 00 00 00 00 00 00 00 00 00 00 00 00 00 00 00 00 00 00 00 00 00 00 00 00 00]
[20:09:46.441Z] Input BUTTON ID=0x01 len=64 dtAll=25.0ms dtId=25.0ms chg=8:B5->CE,10:31->3D head=[00 00 00] bytes=[01 00 00 00 00 00 00 0A CE 98 3D 00 00 00 00 00 00 00 00 00 00 00 00 00 00 00 00 00 00 00 00 00 00 00 00 00 00 00 00 00 00 00 00 00 00 00 00 00 00 00 00 00 00 00 00 00 00 00 00 00 00 00 00 00]
[20:09:46.471Z] Input BUTTON ID=0x01 len=64 dtAll=29.9ms dtId=29.9ms chg=8:CE->EC,10:3D->4C head=[00 00 00] bytes=[01 00 00 00 00 00 00 0A EC 98 4C 00 00 00 00 00 00 00 00 00 00 00 00 00 00 00 00 00 00 00 00 00 00 00 00 00 00 00 00 00 00 00 00 00 00 00 00 00 00 00 00 00 00 00 00 00 00 00 00 00 00 00 00 00]
[20:09:46.496Z] Input BUTTON ID=0x01 len=64 dtAll=25.0ms dtId=25.0ms chg=8:EC->05,9:98->99,10:4C->59 head=[00 00 00] bytes=[01 00 00 00 00 00 00 0A 05 99 59 00 00 00 00 00 00 00 00 00 00 00 00 00 00 00 00 00 00 00 00 00 00 00 00 00 00 00 00 00 00 00 00 00 00 00 00 00 00 00 00 00 00 00 00 00 00 00 00 00 00 00 00 00]
[20:09:46.521Z] Input BUTTON ID=0x01 len=64 dtAll=25.0ms dtId=25.0ms chg=8:05->1E,10:59->62 head=[00 00 00] bytes=[01 00 00 00 00 00 00 0A 1E 99 62 00 00 00 00 00 00 00 00 00 00 00 00 00 00 00 00 00 00 00 00 00 00 00 00 00 00 00 00 00 00 00 00 00 00 00 00 00 00 00 00 00 00 00 00 00 00 00 00 00 00 00 00 00]
[20:09:46.551Z] Input BUTTON ID=0x01 len=64 dtAll=30.0ms dtId=30.0ms chg=8:1E->3C,10:62->6D head=[00 00 00] bytes=[01 00 00 00 00 00 00 0A 3C 99 6D 00 00 00 00 00 00 00 00 00 00 00 00 00 00 00 00 00 00 00 00 00 00 00 00 00 00 00 00 00 00 00 00 00 00 00 00 00 00 00 00 00 00 00 00 00 00 00 00 00 00 00 00 00]
[20:09:46.576Z] Input BUTTON ID=0x01 len=64 dtAll=25.0ms dtId=25.0ms chg=8:3C->55,10:6D->7B head=[00 00 00] bytes=[01 00 00 00 00 00 00 0A 55 99 7B 00 00 00 00 00 00 00 00 00 00 00 00 00 00 00 00 00 00 00 00 00 00 00 00 00 00 00 00 00 00 00 00 00 00 00 00 00 00 00 00 00 00 00 00 00 00 00 00 00 00 00 00 00]
[20:09:46.601Z] Input BUTTON ID=0x01 len=64 dtAll=25.0ms dtId=25.0ms chg=8:55->6E,10:7B->85 head=[00 00 00] bytes=[01 00 00 00 00 00 00 0A 6E 99 85 00 00 00 00 00 00 00 00 00 00 00 00 00 00 00 00 00 00 00 00 00 00 00 00 00 00 00 00 00 00 00 00 00 00 00 00 00 00 00 00 00 00 00 00 00 00 00 00 00 00 00 00 00]
[20:09:46.631Z] Input BUTTON ID=0x01 len=64 dtAll=30.0ms dtId=30.0ms chg=8:6E->8C,10:85->8F head=[00 00 00] bytes=[01 00 00 00 00 00 00 0A 8C 99 8F 00 00 00 00 00 00 00 00 00 00 00 00 00 00 00 00 00 00 00 00 00 00 00 00 00 00 00 00 00 00 00 00 00 00 00 00 00 00 00 00 00 00 00 00 00 00 00 00 00 00 00 00 00]
[20:09:46.656Z] Input BUTTON ID=0x01 len=64 dtAll=25.1ms dtId=25.1ms chg=8:8C->A5,10:8F->9A head=[00 00 00] bytes=[01 00 00 00 00 00 00 0A A5 99 9A 00 00 00 00 00 00 00 00 00 00 00 00 00 00 00 00 00 00 00 00 00 00 00 00 00 00 00 00 00 00 00 00 00 00 00 00 00 00 00 00 00 00 00 00 00 00 00 00 00 00 00 00 00]
[20:09:46.681Z] Input BUTTON ID=0x01 len=64 dtAll=25.0ms dtId=25.0ms chg=8:A5->BE,10:9A->A8 head=[00 00 00] bytes=[01 00 00 00 00 00 00 0A BE 99 A8 00 00 00 00 00 00 00 00 00 00 00 00 00 00 00 00 00 00 00 00 00 00 00 00 00 00 00 00 00 00 00 00 00 00 00 00 00 00 00 00 00 00 00 00 00 00 00 00 00 00 00 00 00]
[20:09:46.706Z] Input BUTTON ID=0x01 len=64 dtAll=25.0ms dtId=25.0ms chg=8:BE->D7,10:A8->B1 head=[00 00 00] bytes=[01 00 00 00 00 00 00 0A D7 99 B1 00 00 00 00 00 00 00 00 00 00 00 00 00 00 00 00 00 00 00 00 00 00 00 00 00 00 00 00 00 00 00 00 00 00 00 00 00 00 00 00 00 00 00 00 00 00 00 00 00 00 00 00 00]
[20:09:46.736Z] Input BUTTON ID=0x01 len=64 dtAll=30.0ms dtId=30.0ms chg=8:D7->F5,10:B1->B7 head=[00 00 00] bytes=[01 00 00 00 00 00 00 0A F5 99 B7 00 00 00 00 00 00 00 00 00 00 00 00 00 00 00 00 00 00 00 00 00 00 00 00 00 00 00 00 00 00 00 00 00 00 00 00 00 00 00 00 00 00 00 00 00 00 00 00 00 00 00 00 00]
[20:09:46.761Z] Input BUTTON ID=0x01 len=64 dtAll=25.0ms dtId=25.0ms chg=8:F5->0E,9:99->9A,10:B7->BF head=[00 00 00] bytes=[01 00 00 00 00 00 00 0A 0E 9A BF 00 00 00 00 00 00 00 00 00 00 00 00 00 00 00 00 00 00 00 00 00 00 00 00 00 00 00 00 00 00 00 00 00 00 00 00 00 00 00 00 00 00 00 00 00 00 00 00 00 00 00 00 00]
[20:09:46.786Z] Input BUTTON ID=0x01 len=64 dtAll=25.0ms dtId=25.0ms chg=8:0E->27,10:BF->C3 head=[00 00 00] bytes=[01 00 00 00 00 00 00 0A 27 9A C3 00 00 00 00 00 00 00 00 00 00 00 00 00 00 00 00 00 00 00 00 00 00 00 00 00 00 00 00 00 00 00 00 00 00 00 00 00 00 00 00 00 00 00 00 00 00 00 00 00 00 00 00 00]
[20:09:46.816Z] Input BUTTON ID=0x01 len=64 dtAll=30.1ms dtId=30.1ms chg=8:27->45,10:C3->C8 head=[00 00 00] bytes=[01 00 00 00 00 00 00 0A 45 9A C8 00 00 00 00 00 00 00 00 00 00 00 00 00 00 00 00 00 00 00 00 00 00 00 00 00 00 00 00 00 00 00 00 00 00 00 00 00 00 00 00 00 00 00 00 00 00 00 00 00 00 00 00 00]
[20:09:46.841Z] Input BUTTON ID=0x01 len=64 dtAll=25.0ms dtId=25.0ms chg=8:45->5E head=[00 00 00] bytes=[01 00 00 00 00 00 00 0A 5E 9A C8 00 00 00 00 00 00 00 00 00 00 00 00 00 00 00 00 00 00 00 00 00 00 00 00 00 00 00 00 00 00 00 00 00 00 00 00 00 00 00 00 00 00 00 00 00 00 00 00 00 00 00 00 00]
[20:09:46.866Z] Input BUTTON ID=0x01 len=64 dtAll=24.9ms dtId=24.9ms chg=8:5E->77 head=[00 00 00] bytes=[01 00 00 00 00 00 00 0A 77 9A C8 00 00 00 00 00 00 00 00 00 00 00 00 00 00 00 00 00 00 00 00 00 00 00 00 00 00 00 00 00 00 00 00 00 00 00 00 00 00 00 00 00 00 00 00 00 00 00 00 00 00 00 00 00]
[20:09:47.156Z] Input BUTTON ID=0x01 len=64 dtAll=290.0ms dtId=290.0ms chg=8:77->99,9:9A->9B head=[00 00 00] bytes=[01 00 00 00 00 00 00 0A 99 9B C8 00 00 00 00 00 00 00 00 00 00 00 00 00 00 00 00 00 00 00 00 00 00 00 00 00 00 00 00 00 00 00 00 00 00 00 00 00 00 00 00 00 00 00 00 00 00 00 00 00 00 00 00 00]
[20:09:47.181Z] Input BUTTON ID=0x01 len=64 dtAll=25.0ms dtId=25.0ms chg=8:99->B2,10:C8->C6 head=[00 00 00] bytes=[01 00 00 00 00 00 00 0A B2 9B C6 00 00 00 00 00 00 00 00 00 00 00 00 00 00 00 00 00 00 00 00 00 00 00 00 00 00 00 00 00 00 00 00 00 00 00 00 00 00 00 00 00 00 00 00 00 00 00 00 00 00 00 00 00]
[20:09:47.211Z] Input BUTTON ID=0x01 len=64 dtAll=30.0ms dtId=30.0ms chg=8:B2->D0,10:C6->BE head=[00 00 00] bytes=[01 00 00 00 00 00 00 0A D0 9B BE 00 00 00 00 00 00 00 00 00 00 00 00 00 00 00 00 00 00 00 00 00 00 00 00 00 00 00 00 00 00 00 00 00 00 00 00 00 00 00 00 00 00 00 00 00 00 00 00 00 00 00 00 00]
[20:09:47.236Z] Input BUTTON ID=0x01 len=64 dtAll=25.0ms dtId=25.0ms chg=8:D0->E9,10:BE->B4 head=[00 00 00] bytes=[01 00 00 00 00 00 00 0A E9 9B B4 00 00 00 00 00 00 00 00 00 00 00 00 00 00 00 00 00 00 00 00 00 00 00 00 00 00 00 00 00 00 00 00 00 00 00 00 00 00 00 00 00 00 00 00 00 00 00 00 00 00 00 00 00]
[20:09:47.261Z] Input BUTTON ID=0x01 len=64 dtAll=25.0ms dtId=25.0ms chg=8:E9->02,9:9B->9C,10:B4->B0 head=[00 00 00] bytes=[01 00 00 00 00 00 00 0A 02 9C B0 00 00 00 00 00 00 00 00 00 00 00 00 00 00 00 00 00 00 00 00 00 00 00 00 00 00 00 00 00 00 00 00 00 00 00 00 00 00 00 00 00 00 00 00 00 00 00 00 00 00 00 00 00]
[20:09:47.291Z] Input BUTTON ID=0x01 len=64 dtAll=30.1ms dtId=30.1ms chg=8:02->20,10:B0->A4 head=[00 00 00] bytes=[01 00 00 00 00 00 00 0A 20 9C A4 00 00 00 00 00 00 00 00 00 00 00 00 00 00 00 00 00 00 00 00 00 00 00 00 00 00 00 00 00 00 00 00 00 00 00 00 00 00 00 00 00 00 00 00 00 00 00 00 00 00 00 00 00]
[20:09:47.316Z] Input BUTTON ID=0x01 len=64 dtAll=24.8ms dtId=24.8ms chg=8:20->39,10:A4->95 head=[00 00 00] bytes=[01 00 00 00 00 00 00 0A 39 9C 95 00 00 00 00 00 00 00 00 00 00 00 00 00 00 00 00 00 00 00 00 00 00 00 00 00 00 00 00 00 00 00 00 00 00 00 00 00 00 00 00 00 00 00 00 00 00 00 00 00 00 00 00 00]
[20:09:47.341Z] Input BUTTON ID=0x01 len=64 dtAll=25.1ms dtId=25.1ms chg=8:39->52,10:95->88 head=[00 00 00] bytes=[01 00 00 00 00 00 00 0A 52 9C 88 00 00 00 00 00 00 00 00 00 00 00 00 00 00 00 00 00 00 00 00 00 00 00 00 00 00 00 00 00 00 00 00 00 00 00 00 00 00 00 00 00 00 00 00 00 00 00 00 00 00 00 00 00]
[20:09:47.371Z] Input BUTTON ID=0x01 len=64 dtAll=29.9ms dtId=29.9ms chg=8:52->70,10:88->7F head=[00 00 00] bytes=[01 00 00 00 00 00 00 0A 70 9C 7F 00 00 00 00 00 00 00 00 00 00 00 00 00 00 00 00 00 00 00 00 00 00 00 00 00 00 00 00 00 00 00 00 00 00 00 00 00 00 00 00 00 00 00 00 00 00 00 00 00 00 00 00 00]
[20:09:47.396Z] Input BUTTON ID=0x01 len=64 dtAll=24.9ms dtId=24.9ms chg=8:70->89,10:7F->6F head=[00 00 00] bytes=[01 00 00 00 00 00 00 0A 89 9C 6F 00 00 00 00 00 00 00 00 00 00 00 00 00 00 00 00 00 00 00 00 00 00 00 00 00 00 00 00 00 00 00 00 00 00 00 00 00 00 00 00 00 00 00 00 00 00 00 00 00 00 00 00 00]
[20:09:47.421Z] Input BUTTON ID=0x01 len=64 dtAll=25.0ms dtId=25.0ms chg=8:89->A2,10:6F->5F head=[00 00 00] bytes=[01 00 00 00 00 00 00 0A A2 9C 5F 00 00 00 00 00 00 00 00 00 00 00 00 00 00 00 00 00 00 00 00 00 00 00 00 00 00 00 00 00 00 00 00 00 00 00 00 00 00 00 00 00 00 00 00 00 00 00 00 00 00 00 00 00]
[20:09:47.446Z] Input BUTTON ID=0x01 len=64 dtAll=25.0ms dtId=25.0ms chg=8:A2->BB,10:5F->55 head=[00 00 00] bytes=[01 00 00 00 00 00 00 0A BB 9C 55 00 00 00 00 00 00 00 00 00 00 00 00 00 00 00 00 00 00 00 00 00 00 00 00 00 00 00 00 00 00 00 00 00 00 00 00 00 00 00 00 00 00 00 00 00 00 00 00 00 00 00 00 00]
[20:09:47.476Z] Input BUTTON ID=0x01 len=64 dtAll=30.0ms dtId=30.0ms chg=8:BB->D9,10:55->46 head=[00 00 00] bytes=[01 00 00 00 00 00 00 0A D9 9C 46 00 00 00 00 00 00 00 00 00 00 00 00 00 00 00 00 00 00 00 00 00 00 00 00 00 00 00 00 00 00 00 00 00 00 00 00 00 00 00 00 00 00 00 00 00 00 00 00 00 00 00 00 00]
[20:09:47.501Z] Input BUTTON ID=0x01 len=64 dtAll=25.0ms dtId=25.0ms chg=8:D9->F2,10:46->35 head=[00 00 00] bytes=[01 00 00 00 00 00 00 0A F2 9C 35 00 00 00 00 00 00 00 00 00 00 00 00 00 00 00 00 00 00 00 00 00 00 00 00 00 00 00 00 00 00 00 00 00 00 00 00 00 00 00 00 00 00 00 00 00 00 00 00 00 00 00 00 00]
[20:09:47.526Z] Input BUTTON ID=0x01 len=64 dtAll=25.1ms dtId=25.1ms chg=8:F2->0B,9:9C->9D,10:35->2C head=[00 00 00] bytes=[01 00 00 00 00 00 00 0A 0B 9D 2C 00 00 00 00 00 00 00 00 00 00 00 00 00 00 00 00 00 00 00 00 00 00 00 00 00 00 00 00 00 00 00 00 00 00 00 00 00 00 00 00 00 00 00 00 00 00 00 00 00 00 00 00 00]
[20:09:47.556Z] Input BUTTON ID=0x01 len=64 dtAll=30.0ms dtId=30.0ms chg=8:0B->29,10:2C->1F head=[00 00 00] bytes=[01 00 00 00 00 00 00 0A 29 9D 1F 00 00 00 00 00 00 00 00 00 00 00 00 00 00 00 00 00 00 00 00 00 00 00 00 00 00 00 00 00 00 00 00 00 00 00 00 00 00 00 00 00 00 00 00 00 00 00 00 00 00 00 00 00]
[20:09:47.581Z] Input BUTTON ID=0x01 len=64 dtAll=24.9ms dtId=24.9ms chg=8:29->42,10:1F->0E head=[00 00 00] bytes=[01 00 00 00 00 00 00 0A 42 9D 0E 00 00 00 00 00 00 00 00 00 00 00 00 00 00 00 00 00 00 00 00 00 00 00 00 00 00 00 00 00 00 00 00 00 00 00 00 00 00 00 00 00 00 00 00 00 00 00 00 00 00 00 00 00]
[20:09:47.606Z] Input BUTTON ID=0x01 len=64 dtAll=25.0ms dtId=25.0ms chg=8:42->5B,10:0E->04 head=[00 00 00] bytes=[01 00 00 00 00 00 00 0A 5B 9D 04 00 00 00 00 00 00 00 00 00 00 00 00 00 00 00 00 00 00 00 00 00 00 00 00 00 00 00 00 00 00 00 00 00 00 00 00 00 00 00 00 00 00 00 00 00 00 00 00 00 00 00 00 00]
[20:09:47.687Z] Input BUTTON ID=0x01 len=64 dtAll=81.0ms dtId=81.0ms chg=8:5B->AB,10:04->01 head=[00 00 00] bytes=[01 00 00 00 00 00 00 0A AB 9D 01 00 00 00 00 00 00 00 00 00 00 00 00 00 00 00 00 00 00 00 00 00 00 00 00 00 00 00 00 00 00 00 00 00 00 00 00 00 00 00 00 00 00 00 00 00 00 00 00 00 00 00 00 00]
[20:09:47.737Z] Input BUTTON ID=0x01 len=64 dtAll=50.0ms dtId=50.0ms chg=8:AB->DD,10:01->00 head=[00 00 00] bytes=[01 00 00 00 00 00 00 0A DD 9D 00 00 00 00 00 00 00 00 00 00 00 00 00 00 00 00 00 00 00 00 00 00 00 00 00 00 00 00 00 00 00 00 00 00 00 00 00 00 00 00 00 00 00 00 00 00 00 00 00 00 00 00 00 00]
