Unified light output forced.
Trace-only mode enabled (demo logic disabled).
Dot-matrix display showcase enabled (default).
Trace-only capture active. Interact with controls and press Ctrl+C to stop.
Input ENCODER/SLIDER ID=0x02 len=64 chg=init bytes=[02 0C 45 4B 00 00 00 00 00 00 00 00 00 00 00 00 00 00 00 00 00 00 00 00 00 00 00 00 00 00 00 00 00 00 00 00 00 00 00 00 00 00 00 00 00 00 00 00 00 00 00 00 00 00 00 00 00 00 00 00 00 00 00 00]
Input ENCODER/SLIDER ID=0x02 len=64 chg=2:45->1A,3:4B->AA bytes=[02 0C 1A AA 00 00 00 00 00 00 00 00 00 00 00 00 00 00 00 00 00 00 00 00 00 00 00 00 00 00 00 00 00 00 00 00 00 00 00 00 00 00 00 00 00 00 00 00 00 00 00 00 00 00 00 00 00 00 00 00 00 00 00 00]
Input ENCODER/SLIDER ID=0x02 len=64 chg=2:1A->45,3:AA->D5 bytes=[02 0C 45 D5 00 00 00 00 00 00 00 00 00 00 00 00 00 00 00 00 00 00 00 00 00 00 00 00 00 00 00 00 00 00 00 00 00 00 00 00 00 00 00 00 00 00 00 00 00 00 00 00 00 00 00 00 00 00 00 00 00 00 00 00]
Input ENCODER/SLIDER ID=0x02 len=64 chg=2:45->46,3:D5->83 bytes=[02 0C 46 83 00 00 00 00 00 00 00 00 00 00 00 00 00 00 00 00 00 00 00 00 00 00 00 00 00 00 00 00 00 00 00 00 00 00 00 00 00 00 00 00 00 00 00 00 00 00 00 00 00 00 00 00 00 00 00 00 00 00 00 00]
Input ENCODER/SLIDER ID=0x02 len=64 chg=2:46->45,3:83->84 bytes=[02 0C 45 84 00 00 00 00 00 00 00 00 00 00 00 00 00 00 00 00 00 00 00 00 00 00 00 00 00 00 00 00 00 00 00 00 00 00 00 00 00 00 00 00 00 00 00 00 00 00 00 00 00 00 00 00 00 00 00 00 00 00 00 00]
Input ENCODER/SLIDER ID=0x02 len=64 chg=2:45->40,3:84->00 bytes=[02 0C 40 00 00 00 00 00 00 00 00 00 00 00 00 00 00 00 00 00 00 00 00 00 00 00 00 00 00 00 00 00 00 00 00 00 00 00 00 00 00 00 00 00 00 00 00 00 00 00 00 00 00 00 00 00 00 00 00 00 00 00 00 00]
Input ENCODER/SLIDER ID=0x02 len=64 chg=2:40->30 bytes=[02 0C 30 00 00 00 00 00 00 00 00 00 00 00 00 00 00 00 00 00 00 00 00 00 00 00 00 00 00 00 00 00 00 00 00 00 00 00 00 00 00 00 00 00 00 00 00 00 00 00 00 00 00 00 00 00 00 00 00 00 00 00 00 00]
