Unified light output forced.
Trace-only mode enabled (demo logic disabled).
Dot-matrix display showcase enabled (default).
Trace-only capture active. Interact with controls and press Ctrl+C to stop.
[20:03:09.945Z] Input BUTTON ID=0x01 len=64 dtAll=init dtId=init chg=init head=[00 00 00] bytes=[01 00 00 00 00 00 00 0A 4F 8C 28 00 00 00 00 00 00 00 00 00 00 00 00 00 00 00 00 00 00 00 00 00 00 00 00 00 00 00 00 00 00 00 00 00 00 00 00 00 00 00 00 00 00 00 00 00 00 00 00 00 00 00 00 00]
[20:03:10.021Z] Input BUTTON ID=0x01 len=64 dtAll=75.7ms dtId=75.7ms chg=8:4F->9F,10:28->48 head=[00 00 00] bytes=[01 00 00 00 00 00 00 0A 9F 8C 48 00 00 00 00 00 00 00 00 00 00 00 00 00 00 00 00 00 00 00 00 00 00 00 00 00 00 00 00 00 00 00 00 00 00 00 00 00 00 00 00 00 00 00 00 00 00 00 00 00 00 00 00 00]
[20:03:10.046Z] Input BUTTON ID=0x01 len=64 dtAll=24.9ms dtId=24.9ms chg=8:9F->B8,10:48->59 head=[00 00 00] bytes=[01 00 00 00 00 00 00 0A B8 8C 59 00 00 00 00 00 00 00 00 00 00 00 00 00 00 00 00 00 00 00 00 00 00 00 00 00 00 00 00 00 00 00 00 00 00 00 00 00 00 00 00 00 00 00 00 00 00 00 00 00 00 00 00 00]
[20:03:10.071Z] Input BUTTON ID=0x01 len=64 dtAll=25.0ms dtId=25.0ms chg=8:B8->D1,10:59->69 head=[00 00 00] bytes=[01 00 00 00 00 00 00 0A D1 8C 69 00 00 00 00 00 00 00 00 00 00 00 00 00 00 00 00 00 00 00 00 00 00 00 00 00 00 00 00 00 00 00 00 00 00 00 00 00 00 00 00 00 00 00 00 00 00 00 00 00 00 00 00 00]
[20:03:10.101Z] Input BUTTON ID=0x01 len=64 dtAll=30.0ms dtId=30.0ms chg=8:D1->EF,10:69->80 head=[00 00 00] bytes=[01 00 00 00 00 00 00 0A EF 8C 80 00 00 00 00 00 00 00 00 00 00 00 00 00 00 00 00 00 00 00 00 00 00 00 00 00 00 00 00 00 00 00 00 00 00 00 00 00 00 00 00 00 00 00 00 00 00 00 00 00 00 00 00 00]
[20:03:10.126Z] Input BUTTON ID=0x01 len=64 dtAll=25.1ms dtId=25.1ms chg=8:EF->08,9:8C->8D,10:80->94 head=[00 00 00] bytes=[01 00 00 00 00 00 00 0A 08 8D 94 00 00 00 00 00 00 00 00 00 00 00 00 00 00 00 00 00 00 00 00 00 00 00 00 00 00 00 00 00 00 00 00 00 00 00 00 00 00 00 00 00 00 00 00 00 00 00 00 00 00 00 00 00]
[20:03:10.151Z] Input BUTTON ID=0x01 len=64 dtAll=24.9ms dtId=24.9ms chg=8:08->21,10:94->A9 head=[00 00 00] bytes=[01 00 00 00 00 00 00 0A 21 8D A9 00 00 00 00 00 00 00 00 00 00 00 00 00 00 00 00 00 00 00 00 00 00 00 00 00 00 00 00 00 00 00 00 00 00 00 00 00 00 00 00 00 00 00 00 00 00 00 00 00 00 00 00 00]
[20:03:10.231Z] Input BUTTON ID=0x01 len=64 dtAll=80.1ms dtId=80.1ms chg=8:21->71,10:A9->BA head=[00 00 00] bytes=[01 00 00 00 00 00 00 0A 71 8D BA 00 00 00 00 00 00 00 00 00 00 00 00 00 00 00 00 00 00 00 00 00 00 00 00 00 00 00 00 00 00 00 00 00 00 00 00 00 00 00 00 00 00 00 00 00 00 00 00 00 00 00 00 00]
[20:03:10.311Z] Input BUTTON ID=0x01 len=64 dtAll=79.9ms dtId=79.9ms chg=8:71->C1,10:BA->AD head=[00 00 00] bytes=[01 00 00 00 00 00 00 0A C1 8D AD 00 00 00 00 00 00 00 00 00 00 00 00 00 00 00 00 00 00 00 00 00 00 00 00 00 00 00 00 00 00 00 00 00 00 00 00 00 00 00 00 00 00 00 00 00 00 00 00 00 00 00 00 00]
[20:03:10.336Z] Input BUTTON ID=0x01 len=64 dtAll=25.0ms dtId=25.0ms chg=8:C1->DA,10:AD->91 head=[00 00 00] bytes=[01 00 00 00 00 00 00 0A DA 8D 91 00 00 00 00 00 00 00 00 00 00 00 00 00 00 00 00 00 00 00 00 00 00 00 00 00 00 00 00 00 00 00 00 00 00 00 00 00 00 00 00 00 00 00 00 00 00 00 00 00 00 00 00 00]
[20:03:10.366Z] Input BUTTON ID=0x01 len=64 dtAll=30.0ms dtId=30.0ms chg=8:DA->F8,10:91->7A head=[00 00 00] bytes=[01 00 00 00 00 00 00 0A F8 8D 7A 00 00 00 00 00 00 00 00 00 00 00 00 00 00 00 00 00 00 00 00 00 00 00 00 00 00 00 00 00 00 00 00 00 00 00 00 00 00 00 00 00 00 00 00 00 00 00 00 00 00 00 00 00]
[20:03:10.391Z] Input BUTTON ID=0x01 len=64 dtAll=25.0ms dtId=25.0ms chg=8:F8->11,9:8D->8E,10:7A->5A head=[00 00 00] bytes=[01 00 00 00 00 00 00 0A 11 8E 5A 00 00 00 00 00 00 00 00 00 00 00 00 00 00 00 00 00 00 00 00 00 00 00 00 00 00 00 00 00 00 00 00 00 00 00 00 00 00 00 00 00 00 00 00 00 00 00 00 00 00 00 00 00]
[20:03:10.416Z] Input BUTTON ID=0x01 len=64 dtAll=25.0ms dtId=25.0ms chg=8:11->2A,10:5A->3F head=[00 00 00] bytes=[01 00 00 00 00 00 00 0A 2A 8E 3F 00 00 00 00 00 00 00 00 00 00 00 00 00 00 00 00 00 00 00 00 00 00 00 00 00 00 00 00 00 00 00 00 00 00 00 00 00 00 00 00 00 00 00 00 00 00 00 00 00 00 00 00 00]
[20:03:10.441Z] Input BUTTON ID=0x01 len=64 dtAll=25.0ms dtId=25.0ms chg=8:2A->43,10:3F->2C head=[00 00 00] bytes=[01 00 00 00 00 00 00 0A 43 8E 2C 00 00 00 00 00 00 00 00 00 00 00 00 00 00 00 00 00 00 00 00 00 00 00 00 00 00 00 00 00 00 00 00 00 00 00 00 00 00 00 00 00 00 00 00 00 00 00 00 00 00 00 00 00]
[20:03:10.471Z] Input BUTTON ID=0x01 len=64 dtAll=29.9ms dtId=29.9ms chg=8:43->61,10:2C->1C head=[00 00 00] bytes=[01 00 00 00 00 00 00 0A 61 8E 1C 00 00 00 00 00 00 00 00 00 00 00 00 00 00 00 00 00 00 00 00 00 00 00 00 00 00 00 00 00 00 00 00 00 00 00 00 00 00 00 00 00 00 00 00 00 00 00 00 00 00 00 00 00]
[20:03:10.496Z] Input BUTTON ID=0x01 len=64 dtAll=25.0ms dtId=25.0ms chg=8:61->7A,10:1C->0A head=[00 00 00] bytes=[01 00 00 00 00 00 00 0A 7A 8E 0A 00 00 00 00 00 00 00 00 00 00 00 00 00 00 00 00 00 00 00 00 00 00 00 00 00 00 00 00 00 00 00 00 00 00 00 00 00 00 00 00 00 00 00 00 00 00 00 00 00 00 00 00 00]
[20:03:10.521Z] Input BUTTON ID=0x01 len=64 dtAll=25.0ms dtId=25.0ms chg=8:7A->93,10:0A->04 head=[00 00 00] bytes=[01 00 00 00 00 00 00 0A 93 8E 04 00 00 00 00 00 00 00 00 00 00 00 00 00 00 00 00 00 00 00 00 00 00 00 00 00 00 00 00 00 00 00 00 00 00 00 00 00 00 00 00 00 00 00 00 00 00 00 00 00 00 00 00 00]
[20:03:10.632Z] Input BUTTON ID=0x01 len=64 dtAll=111.0ms dtId=111.0ms chg=8:93->01,9:8E->8F,10:04->0A head=[00 00 00] bytes=[01 00 00 00 00 00 00 0A 01 8F 0A 00 00 00 00 00 00 00 00 00 00 00 00 00 00 00 00 00 00 00 00 00 00 00 00 00 00 00 00 00 00 00 00 00 00 00 00 00 00 00 00 00 00 00 00 00 00 00 00 00 00 00 00 00]
[20:03:10.657Z] Input BUTTON ID=0x01 len=64 dtAll=25.2ms dtId=25.2ms chg=8:01->1A,10:0A->26 head=[00 00 00] bytes=[01 00 00 00 00 00 00 0A 1A 8F 26 00 00 00 00 00 00 00 00 00 00 00 00 00 00 00 00 00 00 00 00 00 00 00 00 00 00 00 00 00 00 00 00 00 00 00 00 00 00 00 00 00 00 00 00 00 00 00 00 00 00 00 00 00]
[20:03:10.682Z] Input BUTTON ID=0x01 len=64 dtAll=24.9ms dtId=24.9ms chg=8:1A->33,10:26->41 head=[00 00 00] bytes=[01 00 00 00 00 00 00 0A 33 8F 41 00 00 00 00 00 00 00 00 00 00 00 00 00 00 00 00 00 00 00 00 00 00 00 00 00 00 00 00 00 00 00 00 00 00 00 00 00 00 00 00 00 00 00 00 00 00 00 00 00 00 00 00 00]
[20:03:10.737Z] Input BUTTON ID=0x01 len=64 dtAll=55.0ms dtId=55.0ms chg=8:33->6A,10:41->88 head=[00 00 00] bytes=[01 00 00 00 00 00 00 0A 6A 8F 88 00 00 00 00 00 00 00 00 00 00 00 00 00 00 00 00 00 00 00 00 00 00 00 00 00 00 00 00 00 00 00 00 00 00 00 00 00 00 00 00 00 00 00 00 00 00 00 00 00 00 00 00 00]
[20:03:10.762Z] Input BUTTON ID=0x01 len=64 dtAll=25.0ms dtId=25.0ms chg=8:6A->83,10:88->A6 head=[00 00 00] bytes=[01 00 00 00 00 00 00 0A 83 8F A6 00 00 00 00 00 00 00 00 00 00 00 00 00 00 00 00 00 00 00 00 00 00 00 00 00 00 00 00 00 00 00 00 00 00 00 00 00 00 00 00 00 00 00 00 00 00 00 00 00 00 00 00 00]
[20:03:10.787Z] Input BUTTON ID=0x01 len=64 dtAll=25.0ms dtId=25.0ms chg=8:83->9C,10:A6->B7 head=[00 00 00] bytes=[01 00 00 00 00 00 00 0A 9C 8F B7 00 00 00 00 00 00 00 00 00 00 00 00 00 00 00 00 00 00 00 00 00 00 00 00 00 00 00 00 00 00 00 00 00 00 00 00 00 00 00 00 00 00 00 00 00 00 00 00 00 00 00 00 00]
[20:03:10.817Z] Input BUTTON ID=0x01 len=64 dtAll=30.0ms dtId=30.0ms chg=8:9C->BA,10:B7->C3 head=[00 00 00] bytes=[01 00 00 00 00 00 00 0A BA 8F C3 00 00 00 00 00 00 00 00 00 00 00 00 00 00 00 00 00 00 00 00 00 00 00 00 00 00 00 00 00 00 00 00 00 00 00 00 00 00 00 00 00 00 00 00 00 00 00 00 00 00 00 00 00]
[20:03:10.842Z] Input BUTTON ID=0x01 len=64 dtAll=25.0ms dtId=25.0ms chg=8:BA->D3,10:C3->C8 head=[00 00 00] bytes=[01 00 00 00 00 00 00 0A D3 8F C8 00 00 00 00 00 00 00 00 00 00 00 00 00 00 00 00 00 00 00 00 00 00 00 00 00 00 00 00 00 00 00 00 00 00 00 00 00 00 00 00 00 00 00 00 00 00 00 00 00 00 00 00 00]
[20:03:10.867Z] Input BUTTON ID=0x01 len=64 dtAll=25.0ms dtId=25.0ms chg=8:D3->EC head=[00 00 00] bytes=[01 00 00 00 00 00 00 0A EC 8F C8 00 00 00 00 00 00 00 00 00 00 00 00 00 00 00 00 00 00 00 00 00 00 00 00 00 00 00 00 00 00 00 00 00 00 00 00 00 00 00 00 00 00 00 00 00 00 00 00 00 00 00 00 00]
[20:03:10.897Z] Input BUTTON ID=0x01 len=64 dtAll=30.0ms dtId=30.0ms chg=8:EC->0A,9:8F->90 head=[00 00 00] bytes=[01 00 00 00 00 00 00 0A 0A 90 C8 00 00 00 00 00 00 00 00 00 00 00 00 00 00 00 00 00 00 00 00 00 00 00 00 00 00 00 00 00 00 00 00 00 00 00 00 00 00 00 00 00 00 00 00 00 00 00 00 00 00 00 00 00]
[20:03:11.082Z] Input BUTTON ID=0x01 len=64 dtAll=185.0ms dtId=185.0ms chg=8:0A->C3 head=[00 00 00] bytes=[01 00 00 00 00 00 00 0A C3 90 C8 00 00 00 00 00 00 00 00 00 00 00 00 00 00 00 00 00 00 00 00 00 00 00 00 00 00 00 00 00 00 00 00 00 00 00 00 00 00 00 00 00 00 00 00 00 00 00 00 00 00 00 00 00]
[20:03:11.107Z] Input BUTTON ID=0x01 len=64 dtAll=25.0ms dtId=25.0ms chg=8:C3->DC,10:C8->C1 head=[00 00 00] bytes=[01 00 00 00 00 00 00 0A DC 90 C1 00 00 00 00 00 00 00 00 00 00 00 00 00 00 00 00 00 00 00 00 00 00 00 00 00 00 00 00 00 00 00 00 00 00 00 00 00 00 00 00 00 00 00 00 00 00 00 00 00 00 00 00 00]
[20:03:11.132Z] Input BUTTON ID=0x01 len=64 dtAll=25.1ms dtId=25.1ms chg=8:DC->F5,10:C1->B3 head=[00 00 00] bytes=[01 00 00 00 00 00 00 0A F5 90 B3 00 00 00 00 00 00 00 00 00 00 00 00 00 00 00 00 00 00 00 00 00 00 00 00 00 00 00 00 00 00 00 00 00 00 00 00 00 00 00 00 00 00 00 00 00 00 00 00 00 00 00 00 00]
[20:03:11.162Z] Input BUTTON ID=0x01 len=64 dtAll=30.0ms dtId=30.0ms chg=8:F5->13,9:90->91,10:B3->A4 head=[00 00 00] bytes=[01 00 00 00 00 00 00 0A 13 91 A4 00 00 00 00 00 00 00 00 00 00 00 00 00 00 00 00 00 00 00 00 00 00 00 00 00 00 00 00 00 00 00 00 00 00 00 00 00 00 00 00 00 00 00 00 00 00 00 00 00 00 00 00 00]
[20:03:11.187Z] Input BUTTON ID=0x01 len=64 dtAll=25.0ms dtId=25.0ms chg=8:13->2C,10:A4->8A head=[00 00 00] bytes=[01 00 00 00 00 00 00 0A 2C 91 8A 00 00 00 00 00 00 00 00 00 00 00 00 00 00 00 00 00 00 00 00 00 00 00 00 00 00 00 00 00 00 00 00 00 00 00 00 00 00 00 00 00 00 00 00 00 00 00 00 00 00 00 00 00]
[20:03:11.212Z] Input BUTTON ID=0x01 len=64 dtAll=25.1ms dtId=25.1ms chg=8:2C->45,10:8A->79 head=[00 00 00] bytes=[01 00 00 00 00 00 00 0A 45 91 79 00 00 00 00 00 00 00 00 00 00 00 00 00 00 00 00 00 00 00 00 00 00 00 00 00 00 00 00 00 00 00 00 00 00 00 00 00 00 00 00 00 00 00 00 00 00 00 00 00 00 00 00 00]
[20:03:11.242Z] Input BUTTON ID=0x01 len=64 dtAll=30.0ms dtId=30.0ms chg=8:45->63,10:79->60 head=[00 00 00] bytes=[01 00 00 00 00 00 00 0A 63 91 60 00 00 00 00 00 00 00 00 00 00 00 00 00 00 00 00 00 00 00 00 00 00 00 00 00 00 00 00 00 00 00 00 00 00 00 00 00 00 00 00 00 00 00 00 00 00 00 00 00 00 00 00 00]
[20:03:11.267Z] Input BUTTON ID=0x01 len=64 dtAll=24.9ms dtId=24.9ms chg=8:63->7C,10:60->4F head=[00 00 00] bytes=[01 00 00 00 00 00 00 0A 7C 91 4F 00 00 00 00 00 00 00 00 00 00 00 00 00 00 00 00 00 00 00 00 00 00 00 00 00 00 00 00 00 00 00 00 00 00 00 00 00 00 00 00 00 00 00 00 00 00 00 00 00 00 00 00 00]
[20:03:11.292Z] Input BUTTON ID=0x01 len=64 dtAll=25.1ms dtId=25.1ms chg=8:7C->95,10:4F->38 head=[00 00 00] bytes=[01 00 00 00 00 00 00 0A 95 91 38 00 00 00 00 00 00 00 00 00 00 00 00 00 00 00 00 00 00 00 00 00 00 00 00 00 00 00 00 00 00 00 00 00 00 00 00 00 00 00 00 00 00 00 00 00 00 00 00 00 00 00 00 00]
[20:03:11.322Z] Input BUTTON ID=0x01 len=64 dtAll=30.0ms dtId=30.0ms chg=8:95->B3,10:38->2B head=[00 00 00] bytes=[01 00 00 00 00 00 00 0A B3 91 2B 00 00 00 00 00 00 00 00 00 00 00 00 00 00 00 00 00 00 00 00 00 00 00 00 00 00 00 00 00 00 00 00 00 00 00 00 00 00 00 00 00 00 00 00 00 00 00 00 00 00 00 00 00]
[20:03:11.347Z] Input BUTTON ID=0x01 len=64 dtAll=25.0ms dtId=25.0ms chg=8:B3->CC,10:2B->1C head=[00 00 00] bytes=[01 00 00 00 00 00 00 0A CC 91 1C 00 00 00 00 00 00 00 00 00 00 00 00 00 00 00 00 00 00 00 00 00 00 00 00 00 00 00 00 00 00 00 00 00 00 00 00 00 00 00 00 00 00 00 00 00 00 00 00 00 00 00 00 00]
[20:03:11.372Z] Input BUTTON ID=0x01 len=64 dtAll=24.9ms dtId=24.9ms chg=8:CC->E5,10:1C->0B head=[00 00 00] bytes=[01 00 00 00 00 00 00 0A E5 91 0B 00 00 00 00 00 00 00 00 00 00 00 00 00 00 00 00 00 00 00 00 00 00 00 00 00 00 00 00 00 00 00 00 00 00 00 00 00 00 00 00 00 00 00 00 00 00 00 00 00 00 00 00 00]
[20:03:11.402Z] Input BUTTON ID=0x01 len=64 dtAll=30.0ms dtId=30.0ms chg=8:E5->03,9:91->92,10:0B->04 head=[00 00 00] bytes=[01 00 00 00 00 00 00 0A 03 92 04 00 00 00 00 00 00 00 00 00 00 00 00 00 00 00 00 00 00 00 00 00 00 00 00 00 00 00 00 00 00 00 00 00 00 00 00 00 00 00 00 00 00 00 00 00 00 00 00 00 00 00 00 00]
[20:03:11.532Z] Input BUTTON ID=0x01 len=64 dtAll=130.0ms dtId=130.0ms chg=8:03->85,10:04->03 head=[00 00 00] bytes=[01 00 00 00 00 00 00 0A 85 92 03 00 00 00 00 00 00 00 00 00 00 00 00 00 00 00 00 00 00 00 00 00 00 00 00 00 00 00 00 00 00 00 00 00 00 00 00 00 00 00 00 00 00 00 00 00 00 00 00 00 00 00 00 00]
[20:03:11.667Z] Input BUTTON ID=0x01 len=64 dtAll=135.0ms dtId=135.0ms chg=8:85->0C,9:92->93,10:03->01 head=[00 00 00] bytes=[01 00 00 00 00 00 00 0A 0C 93 01 00 00 00 00 00 00 00 00 00 00 00 00 00 00 00 00 00 00 00 00 00 00 00 00 00 00 00 00 00 00 00 00 00 00 00 00 00 00 00 00 00 00 00 00 00 00 00 00 00 00 00 00 00]
[20:03:11.692Z] Input BUTTON ID=0x01 len=64 dtAll=25.1ms dtId=25.1ms chg=8:0C->25,10:01->00 head=[00 00 00] bytes=[01 00 00 00 00 00 00 0A 25 93 00 00 00 00 00 00 00 00 00 00 00 00 00 00 00 00 00 00 00 00 00 00 00 00 00 00 00 00 00 00 00 00 00 00 00 00 00 00 00 00 00 00 00 00 00 00 00 00 00 00 00 00 00 00]
Ctrl+C received, shutting down...
